   -0.0020014824579678
    1.9331124893160418
    1.9664443159022620
    1.9665978114511826
    2.0331078112118424
    2.0332442726877473
    2.0664394726838093
    3.9964637351282879
    3.9970044865504151
    3.9971734356867863
    3.9988298136939209
    3.9988370642046180
    3.9996667222037110
    3.9998380507742421
    4.0001707069100059
    4.0013971718470547
    6.0000000000000018
    6.0000516438543983
    6.0000688552154848
    6.0003332777962903
    6.0003827932430518
    6.0013880647471627
    6.0013884579168710
    6.0029955134495863
    6.0030537582960708
    6.0040117576871221
