   -0.0016665363527497
    1.9333330839863936
    1.9666664156180933
    1.9666665889308059
    2.0333330787031736
    2.0333332327514424
    2.0666664101483576
    3.9964311128001127
    3.9970044865504146
    3.9970046773145715
    3.9986677457602200
    3.9986677457688278
    3.9996667222037110
    3.9996669156516189
    4.0000001927466773
    4.0012424804404327
    5.9999999999999964
    6.0000000583018984
    6.0000000777358595
    6.0003332777962868
    6.0003333336953153
    6.0013325088608394
    6.0013325088613332
    6.0029955134495783
    6.0029955792037324
    6.0039927890730436
