   -0.0016721698758572
    1.9333293736199721
    1.9666626799309299
    1.9666654321934312
    2.0333292897210313
    2.0333317360662040
    2.0666625930700695
    3.9964317191465466
    3.9970044865504120
    3.9970075159468523
    3.9986705916367828
    3.9986705938105431
    3.9996667222037101
    3.9996697942197876
    4.0000030608800232
    4.0012449051715118
    6.0000000000000053
    6.0000009258557130
    6.0000012344732365
    6.0003332777962894
    6.0003341654935713
    6.0013334496771540
    6.0013334498017592
    6.0029955134495898
    6.0029965576497437
    6.0039931015109893
