   -0.0016661577684271
    1.9333333333308109
    1.9666666666641288
    1.9666666666658814
    2.0333333333307597
    2.0333333333323176
    2.0666666666640734
    3.9964310719750236
    3.9970044865504146
    3.9970044865523424
    3.9986675543742751
    3.9986675543742787
    3.9996667222037097
    3.9996667222056668
    4.0000000000019513
    4.0012423177072947
    6.0000000000000009
    6.0000000000005906
    6.0000000000007860
    6.0003332777962930
    6.0003332777968579
    6.0013324456282984
    6.0013324456283001
    6.0029955134495889
    6.0029955134502533
    6.0039927680845562
