   -0.0041694691972226
    1.9316850735904434
    1.9650071792564401
    1.9661525097118806
    2.0316502160672556
    2.0326697755702123
    2.0649710933351790
    3.9965780262507686
    3.9970044865504142
    3.9982650102904977
    3.9994954462245911
    3.9996667222037052
    3.9999322942150002
    4.0009451235069875
    4.0012737334776567
    4.0028768121402587
    5.9999999999999947
    6.0003332777962886
    6.0003857539325631
    6.0005141569547851
    6.0007031362358987
    6.0017268540104505
    6.0017508230510792
    6.0029955134495854
    6.0034305630409923
    6.0041558883342772
