   -0.0028441956280903
    1.9325575564893849
    1.9658856002223575
    1.9664247459124913
    2.0325411338250885
    2.0330206919667093
    2.0658685982669422
    3.9965227816910205
    3.9970044865504160
    3.9975978909960310
    3.9991648342241066
    3.9992629341651749
    3.9996667222037128
    4.0002685068273243
    4.0005995957230640
    4.0018817970674760
    6.0000000000000000
    6.0001814707212509
    6.0002419207541751
    6.0003332777962903
    6.0005072700166231
    6.0015242360342276
    6.0015292653430699
    6.0029955134495907
    6.0032001774036958
    6.0040631879778799
