   -0.0016661577645961
    1.9333333333333340
    1.9666666666666657
    1.9666666666666675
    2.0333333333333337
    2.0333333333333341
    2.0666666666666687
    3.9964310719746088
    3.9970044865504111
    3.9970044865504124
    3.9986675543723420
    3.9986675543723424
    3.9996667222037083
    3.9996667222037114
    3.9999999999999987
    4.0012423177056426
    5.9999999999999991
    6.0000000000000000
    6.0000000000000036
    6.0003332777962886
    6.0003332777962894
    6.0013324456276589
    6.0013324456276615
    6.0029955134495845
    6.0029955134495880
    6.0039927680843377
