   -0.0017238904426696
    1.9332953095059009
    1.9666283833620906
    1.9666548122828060
    2.0332945038835253
    2.0333179959316769
    2.0666275492995410
    3.9964371866793846
    3.9970044865504128
    3.9970335766181835
    3.9986965379211137
    3.9986967408851273
    3.9996667222037114
    3.9996962215993275
    4.0000293924442731
    4.0012674458081436
    6.0000000000000000
    6.0000088908603004
    6.0000118543838603
    6.0003332777962886
    6.0003418022281068
    6.0013420770488040
    6.0013420885646784
    6.0029955134495863
    6.0030055407489424
    6.0039959803868674
