   -0.0016661580902602
    1.9333333331188425
    1.9666666664507135
    1.9666666665997985
    2.0333333331142991
    2.0333333332468126
    2.0666666664460061
    3.9964310720097331
    3.9970044865504182
    3.9970044867145096
    3.9986675545369805
    3.9986675545369841
    3.9996667222037137
    3.9996667223701161
    4.0000000001657998
    4.0012423178456231
    6.0000000000000036
    6.0000000000501501
    6.0000000000668692
    6.0003332777962903
    6.0003332778443763
    6.0013324456820509
    6.0013324456820536
    6.0029955134495889
    6.0029955135061508
    6.0039927681023961
