   -0.0016661721546795
    1.9333333238556900
    1.9666666571243456
    1.9666666637119379
    2.0333333236548765
    2.0333333295102283
    2.0666666569164418
    3.9964310735265629
    3.9970044865504164
    3.9970044938013367
    3.9986675616472831
    3.9986675616472951
    3.9996667222037146
    3.9996667295566395
    4.0000000073262747
    4.0012423238906827
    5.9999999999999973
    6.0000000022160496
    6.0000000029547298
    6.0003332777962912
    6.0003332799210041
    6.0013324480311567
    6.0013324480311621
    6.0029955134495889
    6.0029955159488928
    6.0039927688820969
